((A:1.2611,
(B:0.630548,
C:0.630548)1:0.630548)1:0.630548,
((((((((D:0.378329,
(E:0.189165,
F:0.189165)1:0.189165)1:0.189165,
(G:0.283747,
H:0.283747)1:0.283747)1:0.189165,
((I:0.252219,
J:0.252219)1:0.252219,
K:0.504439)1:0.252219)1:0.189165,
L:0.945823)1:0.189165,
((((M:0.226997,
N:0.226997)1:0.226997,
(O:0.226997,
P:0.226997)1:0.226997)1:0.226997,
Q:0.680992)1:0.226997,
((R:0.302663,
S:0.302663)1:0.302663,
T:0.605326)1:0.302663)1:0.226997)1:0.189165,
U:1.32415)1:0.189165,
((V:0.504439,
W:0.504439)1:0.504439,
X:1.00888)1:0.504439)1:0.189165,
Y:1.70248)1:0.189165);
